0 0 0 0
300 0.99991714954376 -0.01071159914135 -0.00714109931141
300 -0.00350844999775 -0.99996924400329 -0.0070168999955
300 0 -0.00727215036749 0.99997353553772
300 0 -0.00727215036749 0.99997353553772
300 -0.00350844999775 -0.99996924400329 -0.0070168999955
300 0.99991714954376 -0.01071159914135 -0.00714109931141
550 0.70395678281784 0.71022510528564 -0.00501016387715
550 -0.71028155088424 -0.00638131424784 0.70388877391815
550 0.71028155088424 -0.00638131424784 0.70388877391815
550 0.70395678281784 -0.71022510528564 -0.00501016387715
550 -0.00127611437346 -0.71341425180435 0.70074141025543
550 -0.00127611437346 0.71341425180435 0.70074141025543
550 -0.00127611437346 0.71341425180435 0.70074141025543
550 -0.00127611437346 -0.71341425180435 0.70074141025543
550 0.70395678281784 -0.71022510528564 -0.00501016387715
550 0.71028155088424 -0.00638131424784 0.70388877391815
550 -0.71028155088424 -0.00638131424784 0.70388877391815
550 0.70395678281784 0.71022510528564 -0.00501016387715
850 -0.57756435871124 -0.58238893747329 0.57205116748809
850 0.57756435871124 0.58238893747329 0.57205116748809
850 -0.57756435871124 0.58238893747329 0.57205116748809
850 0.57756435871124 -0.58238893747329 0.57205116748809
850 0.57756435871124 -0.58238893747329 0.57205116748809
850 -0.57756435871124 0.58238893747329 0.57205116748809
850 0.57756435871124 0.58238893747329 0.57205116748809
850 -0.57756435871124 -0.58238893747329 0.57205116748809
1100 0.99998360872268 -0.00447204941883 -0.00357764959335
1150 -0.00088727497495 -0.99998974800109 -0.00443642493337
1100 0 -0.00360677484422 0.99999350309372
1100 0 -0.00360677484422 0.99999350309372
1150 -0.00088727497495 -0.99998974800109 -0.00443642493337
1100 0.99998360872268 -0.00447204941883 -0.00357764959335
1400 0.89275807142257 0.45052507519722 -0.00318833906203
1400 -0.89595764875412 -0.0038545532152 0.44412276148796
1400 0.89595764875412 -0.0038545532152 0.44412276148796
1400 0.89275807142257 -0.45052507519722 -0.00318833906203
1400 0.44619214534759 0.89492905139923 -0.00381392380222
1400 -0.44888663291931 -0.0035433594603 0.89358168840408
1400 0.44888663291931 -0.0035433594603 0.89358168840408
1400 0.44619214534759 -0.89492905139923 -0.00381392380222
1400 -0.00063985021552 -0.89671385288238 0.44261026382446
1400 -0.00063985021552 0.89671385288238 0.44261026382446
1400 -0.00032425191602 -0.45170572400093 0.89216691255569
1400 -0.00032425191602 0.45170572400093 0.89216691255569
1400 -0.00032425191602 0.45170572400093 0.89216691255569
1400 -0.00032425191602 -0.45170572400093 0.89216691255569
1400 -0.00063985021552 0.89671385288238 0.44261026382446
1400 -0.00063985021552 -0.89671385288238 0.44261026382446
1400 0.44619214534759 -0.89492905139923 -0.00381392380222
1400 0.44888663291931 -0.0035433594603 0.89358168840408
1400 -0.44888663291931 -0.0035433594603 0.89358168840408
1400 0.44619214534759 0.89492905139923 -0.00381392380222
1400 0.89275807142257 -0.45052507519722 -0.00318833906203
1400 0.89595764875412 -0.0038545532152 0.44412276148796
1400 -0.89595764875412 -0.0038545532152 0.44412276148796
1400 0.89275807142257 0.45052507519722 -0.00318833906203
1700 -0.81648564338684 -0.41189649701118 0.4045892059803
1700 0.81648564338684 0.41189649701118 0.4045892059803
1700 -0.81648564338684 0.41189649701118 0.4045892059803
1700 0.81648564338684 -0.41189649701118 0.4045892059803
1700 -0.408123254776 -0.81867259740829 0.40399333834648
1700 0.408123254776 0.81867259740829 0.40399333834648
1650 -0.40901663899421 -0.41219162940979 0.81412744522094
1650 0.40901663899421 0.41219162940979 0.81412744522094
1650 -0.40901663899421 0.41219162940979 0.81412744522094
1650 0.40901663899421 -0.41219162940979 0.81412744522094
1700 -0.408123254776 0.81867259740829 0.40399333834648
1700 0.408123254776 -0.81867259740829 0.40399333834648
1700 0.408123254776 -0.81867259740829 0.40399333834648
1700 -0.408123254776 0.81867259740829 0.40399333834648
1650 0.40901663899421 -0.41219162940979 0.81412744522094
1650 -0.40901663899421 0.41219162940979 0.81412744522094
1650 0.40901663899421 0.41219162940979 0.81412744522094
1650 -0.40901663899421 -0.41219162940979 0.81412744522094
1700 0.408123254776 0.81867259740829 0.40399333834648
1700 -0.408123254776 -0.81867259740829 0.40399333834648
1700 0.81648564338684 -0.41189649701118 0.4045892059803
1700 -0.81648564338684 0.41189649701118 0.4045892059803
1700 0.81648564338684 0.41189649701118 0.4045892059803
1700 -0.81648564338684 -0.41189649701118 0.4045892059803
2250 0.70568519830703 0.70851987600326 -0.00283466954715
2250 -0.70853251218795 -0.0028589409776 0.70567232370376
2250 0.70853251218795 -0.0028589409776 0.70567232370376
2250 0.70568519830703 -0.70851987600326 -0.00283466954715
2250 -0.00031765023595 -0.70994973182678 0.70425230264663
2250 -0.00031765023595 0.70994973182678 0.70425230264663
2250 -0.00031765023595 0.70994973182678 0.70425230264663
2250 -0.00031765023595 -0.70994973182678 0.70425230264663
2250 0.70568519830703 -0.70851987600326 -0.00283466954715
2250 0.70853251218795 -0.0028589409776 0.70567232370376
2250 -0.70853251218795 -0.0028589409776 0.70567232370376
2250 0.70568519830703 0.70851987600326 -0.00283466954715
2500 0.99999105930328 -0.00318083330057 -0.00278323306702
2500 -0.66616201400756 -0.66880744695663 0.33003756403923
2500 0.66616201400756 0.66880744695663 0.33003756403923
2500 -0.66725188493728 -0.33654779195785 0.66446256637573
2500 0.66725188493728 0.33654779195785 0.66446256637573
2500 -0.66725188493728 0.33654779195785 0.66446256637573
2500 0.66725188493728 -0.33654779195785 0.66446256637573
2500 -0.66616201400756 0.66880744695663 0.33003756403923
2500 0.66616201400756 -0.66880744695663 0.33003756403923
2500 -0.33371415734291 -0.66928386688232 0.66384786367416
2500 0.33371415734291 0.66928386688232 0.66384786367416
2500 -0.33371415734291 0.66928386688232 0.66384786367416
2500 0.33371415734291 -0.66928386688232 0.66384786367416
2550 -0.0003955666325 -0.99999606609344 -0.00276898313313
2500 -0.00039999998989 -0.00279998336918 0.9999960064888
2500 -0.00039999998989 -0.00279998336918 0.9999960064888
2550 -0.0003955666325 -0.99999606609344 -0.00276898313313
2500 0.33371415734291 -0.66928386688232 0.66384786367416
2500 -0.33371415734291 0.66928386688232 0.66384786367416
2500 0.33371415734291 0.66928386688232 0.66384786367416
2500 -0.33371415734291 -0.66928386688232 0.66384786367416
2500 0.66616201400756 -0.66880744695663 0.33003756403923
2500 -0.66616201400756 0.66880744695663 0.33003756403923
2500 0.66725188493728 -0.33654779195785 0.66446256637573
2500 -0.66725188493728 0.33654779195785 0.66446256637573
2500 0.66725188493728 0.33654779195785 0.66446256637573
2500 -0.66725188493728 -0.33654779195785 0.66446256637573
2500 0.66616201400756 0.66880744695663 0.33003756403923
2500 -0.66616201400756 -0.66880744695663 0.33003756403923
2500 0.99999105930328 -0.00318083330057 -0.00278323306702
2800 0.94779533147811 0.31886863708496 -0.00259758788161
2800 -0.94949251413345 -0.00294788880273 0.31377580761909
2800 0.94949251413345 -0.00294788880273 0.31377580761909
2800 0.94779533147811 -0.31886863708496 -0.00259758788161
2800 0.31568565964698 0.94886028766632 -0.0025904092472
2800 -0.31718277931213 -0.00273065618239 0.94836050271987
2800 0.31718277931213 -0.00273065618239 0.94836050271987
2800 0.31568565964698 -0.94886028766632 -0.0025904092472
2800 -0.00033888517646 -0.94974994659423 0.31300950050354
2800 -0.00033888517646 0.94974994659423 0.31300950050354
2800 -0.00045513047371 -0.31932893395423 0.9476438164711
2800 -0.00045513047371 0.31932893395423 0.9476438164711
2800 -0.00045513047371 0.31932893395423 0.9476438164711
2800 -0.00045513047371 -0.31932893395423 0.9476438164711
2800 -0.00033888517646 0.94974994659423 0.31300950050354
2800 -0.00033888517646 -0.94974994659423 0.31300950050354
2800 0.31568565964698 -0.94886028766632 -0.0025904092472
2800 0.31718277931213 -0.00273065618239 0.94836050271987
2800 -0.31718277931213 -0.00273065618239 0.94836050271987
2800 0.31568565964698 0.94886028766632 -0.0025904092472
2800 0.94779533147811 -0.31886863708496 -0.00259758788161
2800 0.94949251413345 -0.00294788880273 0.31377580761909
2800 -0.94949251413345 -0.00294788880273 0.31377580761909
2800 0.94779533147811 0.31886863708496 -0.00259758788161
3050 -0.90450072288513 -0.30424728989601 0.2988511621952
3050 0.90450072288513 0.30424728989601 0.2988511621952
3050 -0.90450072288513 0.30424728989601 0.2988511621952
3050 0.90450072288513 -0.30424728989601 0.2988511621952
3100 -0.30128762125968 -0.90562313795089 0.29845017194747
3100 0.30128762125968 0.90562313795089 0.29845017194747
3050 -0.30216333270072 -0.30442789196968 0.90333878993988
3050 0.30216333270072 0.30442789196968 0.90333878993988
3050 -0.30216333270072 0.30442789196968 0.90333878993988
3050 0.30216333270072 -0.30442789196968 0.90333878993988
3100 -0.30128762125968 0.90562313795089 0.29845017194747
3100 0.30128762125968 -0.90562313795089 0.29845017194747
3100 0.30128762125968 -0.90562313795089 0.29845017194747
3100 -0.30128762125968 0.90562313795089 0.29845017194747
3050 0.30216333270072 -0.30442789196968 0.90333878993988
3050 -0.30216333270072 0.30442789196968 0.90333878993988
3050 0.30216333270072 0.30442789196968 0.90333878993988
3050 -0.30216333270072 -0.30442789196968 0.90333878993988
3100 0.30128762125968 0.90562313795089 0.29845017194747
3100 -0.30128762125968 -0.90562313795089 0.29845017194747
3050 0.90450072288513 -0.30424728989601 0.2988511621952
3050 -0.90450072288513 0.30424728989601 0.2988511621952
3050 0.90450072288513 0.30424728989601 0.2988511621952
3050 -0.90450072288513 -0.30424728989601 0.2988511621952
3350 -0.57746219635009 -0.57970029115676 0.57487821578979
3350 0.57746219635009 0.57970029115676 0.57487821578979
3350 -0.57746219635009 0.57970029115676 0.57487821578979
3350 0.57746219635009 -0.57970029115676 0.57487821578979
3350 0.57746219635009 -0.57970029115676 0.57487821578979
3350 -0.57746219635009 0.57970029115676 0.57487821578979
3350 0.57746219635009 0.57970029115676 0.57487821578979
3350 -0.57746219635009 -0.57970029115676 0.57487821578979
3650 0.83102691173553 0.55622720718383 -0.00236119306646
3600 -0.83311861753463 -0.00245030550286 0.55308890342712
3600 0.83311861753463 -0.00245030550286 0.55308890342712
3650 0.83102691173553 -0.55622720718383 -0.00236119306646
3650 0.5537325143814 0.83269166946411 -0.00220626522786
3600 -0.55590105056762 -0.00237637828104 0.83124506473541
3600 0.55590105056762 -0.00237637828104 0.83124506473541
3650 0.5537325143814 -0.83269166946411 -0.00220626522786
3650 -0.00022932702268 -0.83379536867141 0.55207353830337
3650 -0.00022932702268 0.83379536867141 0.55207353830337
3650 -0.00038263224996 -0.55738025903701 0.83025723695755
3650 -0.00038263224996 0.55738025903701 0.83025723695755
3650 -0.00038263224996 0.55738025903701 0.83025723695755
3650 -0.00038263224996 -0.55738025903701 0.83025723695755
3650 -0.00022932702268 0.83379536867141 0.55207353830337
3650 -0.00022932702268 -0.83379536867141 0.55207353830337
3650 0.5537325143814 -0.83269166946411 -0.00220626522786
3600 0.55590105056762 -0.00237637828104 0.83124506473541
3600 -0.55590105056762 -0.00237637828104 0.83124506473541
3650 0.5537325143814 0.83269166946411 -0.00220626522786
3650 0.83102691173553 -0.55622720718383 -0.00236119306646
3600 0.83311861753463 -0.00245030550286 0.55308890342712
3600 -0.83311861753463 -0.00245030550286 0.55308890342712
3650 0.83102691173553 0.55622720718383 -0.00236119306646
3900 -0.80137026309967 -0.53636294603347 0.26480266451835
3900 0.80137026309967 0.53636294603347 0.26480266451835
3900 -0.80223906040191 -0.2698301076889 0.53254503011703
3900 0.80223906040191 0.2698301076889 0.53254503011703
3900 -0.80223906040191 0.2698301076889 0.53254503011703
3900 0.80223906040191 -0.2698301076889 0.53254503011703
3900 -0.80137026309967 0.53636294603347 0.26480266451835
3900 0.80137026309967 -0.53636294603347 0.26480266451835
3900 -0.53399437665939 -0.80300253629684 0.26464489102363
3900 0.53399437665939 0.80300253629684 0.26464489102363
3900 -0.5353325009346 -0.26979020237922 0.80039513111114
3900 0.5353325009346 0.26979020237922 0.80039513111114
3900 -0.5353325009346 0.26979020237922 0.80039513111114
3900 0.5353325009346 -0.26979020237922 0.80039513111114
3900 -0.53399437665939 0.80300253629684 0.26464489102363
3900 0.53399437665939 -0.80300253629684 0.26464489102363
3900 -0.26735743880271 -0.80343830585479 0.53198391199112
3900 0.26735743880271 0.80343830585479 0.53198391199112
3900 -0.26765131950378 -0.53708094358444 0.79994177818298
3900 0.26765131950378 0.53708094358444 0.79994177818298
3900 -0.26765131950378 0.53708094358444 0.79994177818298
3900 0.26765131950378 -0.53708094358444 0.79994177818298
3900 -0.26735743880271 0.80343830585479 0.53198391199112
3900 0.26735743880271 -0.80343830585479 0.53198391199112
3900 0.26735743880271 -0.80343830585479 0.53198391199112
3900 -0.26735743880271 0.80343830585479 0.53198391199112
3900 0.26765131950378 -0.53708094358444 0.79994177818298
3900 -0.26765131950378 0.53708094358444 0.79994177818298
3900 0.26765131950378 0.53708094358444 0.79994177818298
3900 -0.26765131950378 -0.53708094358444 0.79994177818298
3900 0.26735743880271 0.80343830585479 0.53198391199112
3900 -0.26735743880271 -0.80343830585479 0.53198391199112
3900 0.53399437665939 -0.80300253629684 0.26464489102363
3900 -0.53399437665939 0.80300253629684 0.26464489102363
3900 0.5353325009346 -0.26979020237922 0.80039513111114
3900 -0.5353325009346 0.26979020237922 0.80039513111114
3900 0.5353325009346 0.26979020237922 0.80039513111114
3900 -0.5353325009346 -0.26979020237922 0.80039513111114
3900 0.53399437665939 0.80300253629684 0.26464489102363
3900 -0.53399437665939 -0.80300253629684 0.26464489102363
3900 0.80137026309967 -0.53636294603347 0.26480266451835
3900 -0.80137026309967 0.53636294603347 0.26480266451835
3900 0.80223906040191 -0.2698301076889 0.53254503011703
3900 -0.80223906040191 0.2698301076889 0.53254503011703
3900 0.80223906040191 0.2698301076889 0.53254503011703
3900 -0.80223906040191 -0.2698301076889 0.53254503011703
3900 0.80137026309967 0.53636294603347 0.26480266451835
3900 -0.80137026309967 -0.53636294603347 0.26480266451835
4450 0.99999547004699 -0.00223709992133 -0.00201339996419
4500 -0.00022286249441 -0.99999797344207 -0.0020057875663
4450 -0.00022466250811 -0.00202201260253 0.99999791383743
4450 -0.00022466250811 -0.00202201260253 0.99999791383743
4500 -0.00022286249441 -0.99999797344207 -0.0020057875663
4450 0.99999547004699 -0.00223709992133 -0.00201339996419
4750 0.96964347362518 0.24451547861099 -0.00193845410831
4750 -0.97061955928802 -0.00214710761793 0.24060980975627
4750 0.97061955928802 -0.00214710761793 0.24060980975627
4750 0.96964347362518 -0.24451547861099 -0.00193845410831
4750 -0.72765213251113 -0.48702520132064 0.48304119706153
4750 0.72765213251113 0.48702520132064 0.48304119706153
4750 -0.72765213251113 0.48702520132064 0.48304119706153
4750 0.72765213251113 -0.48702520132064 0.48304119706153
4750 -0.4849524796009 -0.72918903827667 0.48280888795852
4750 0.4849524796009 0.72918903827667 0.48280888795852
4750 -0.48548424243927 -0.48732459545135 0.72582352161407
4750 0.48548424243927 0.48732459545135 0.72582352161407
4750 -0.48548424243927 0.48732459545135 0.72582352161407
4750 0.48548424243927 -0.48732459545135 0.72582352161407
4750 -0.4849524796009 0.72918903827667 0.48280888795852
4750 0.4849524796009 -0.72918903827667 0.48280888795852
4750 0.24237948656082 0.97017961740493 -0.00193334883078
4750 -0.24321086704731 -0.00199962127953 0.96997135877609
4750 0.24321086704731 -0.00199962127953 0.96997135877609
4750 0.24237948656082 -0.97017961740493 -0.00193334883078
4750 -0.00020383911032 -0.97073286771774 0.24016177654266
4750 -0.00020383911032 0.97073286771774 0.24016177654266
4750 -0.00025649357121 -0.24489790201187 0.96954882144928
4750 -0.00025649357121 0.24489790201187 0.96954882144928
4750 -0.00025649357121 0.24489790201187 0.96954882144928
4750 -0.00025649357121 -0.24489790201187 0.96954882144928
4750 -0.00020383911032 0.97073286771774 0.24016177654266
4750 -0.00020383911032 -0.97073286771774 0.24016177654266
4750 0.24237948656082 -0.97017961740493 -0.00193334883078
4750 0.24321086704731 -0.00199962127953 0.96997135877609
4750 -0.24321086704731 -0.00199962127953 0.96997135877609
4750 0.24237948656082 0.97017961740493 -0.00193334883078
4750 0.4849524796009 -0.72918903827667 0.48280888795852
4750 -0.4849524796009 0.72918903827667 0.48280888795852
4750 0.48548424243927 -0.48732459545135 0.72582352161407
4750 -0.48548424243927 0.48732459545135 0.72582352161407
4750 0.48548424243927 0.48732459545135 0.72582352161407
4750 -0.48548424243927 -0.48732459545135 0.72582352161407
4750 0.4849524796009 0.72918903827667 0.48280888795852
4750 -0.4849524796009 -0.72918903827667 0.48280888795852
4750 0.72765213251113 -0.48702520132064 0.48304119706153
4750 -0.72765213251113 0.48702520132064 0.48304119706153
4750 0.72765213251113 0.48702520132064 0.48304119706153
4750 -0.72765213251113 -0.48702520132064 0.48304119706153
4750 0.96964347362518 -0.24451547861099 -0.00193845410831
4750 0.97061955928802 -0.00214710761793 0.24060980975627
4750 -0.97061955928802 -0.00214710761793 0.24060980975627
4750 0.96964347362518 0.24451547861099 -0.00193845410831
5050 -0.94279998540878 -0.237727612257 0.23369599878788
5050 0.94279998540878 0.237727612257 0.23369599878788
5050 -0.94279998540878 0.237727612257 0.23369599878788
5050 0.94279998540878 -0.237727612257 0.23369599878788
5050 0.70619314908981 0.70801651477813 -0.00196319958195
5000 -0.7081623673439 -0.00211539305746 0.70604646205902
5000 0.7081623673439 -0.00211539305746 0.70604646205902
5050 0.70619314908981 -0.70801651477813 -0.00196319958195
5050 -0.23567323386669 -0.94339329004287 0.23338203132152
5050 0.23567323386669 0.94339329004287 0.23338203132152
5000 -0.23623172938823 -0.23797133564949 0.94210624694824
5000 0.23623172938823 0.23797133564949 0.94210624694824
5000 -0.23623172938823 0.23797133564949 0.94210624694824
5000 0.23623172938823 -0.23797133564949 0.94210624694824
5050 -0.23567323386669 0.94339329004287 0.23338203132152
5050 0.23567323386669 -0.94339329004287 0.23338203132152
5050 -0.00028132245643 -0.70907366275787 0.70513439178466
5050 -0.00028132245643 0.70907366275787 0.70513439178466
5050 -0.00028132245643 0.70907366275787 0.70513439178466
5050 -0.00028132245643 -0.70907366275787 0.70513439178466
5050 0.23567323386669 -0.94339329004287 0.23338203132152
5050 -0.23567323386669 0.94339329004287 0.23338203132152
5000 0.23623172938823 -0.23797133564949 0.94210624694824
5000 -0.23623172938823 0.23797133564949 0.94210624694824
5000 0.23623172938823 0.23797133564949 0.94210624694824
5000 -0.23623172938823 -0.23797133564949 0.94210624694824
5050 0.23567323386669 0.94339329004287 0.23338203132152
5050 -0.23567323386669 -0.94339329004287 0.23338203132152
5050 0.70619314908981 -0.70801651477813 -0.00196319958195
5000 0.7081623673439 -0.00211539305746 0.70604646205902
5000 -0.7081623673439 -0.00211539305746 0.70604646205902
5050 0.70619314908981 0.70801651477813 -0.00196319958195
5050 0.94279998540878 -0.237727612257 0.23369599878788
5050 -0.94279998540878 0.237727612257 0.23369599878788
5050 0.94279998540878 0.237727612257 0.23369599878788
5050 -0.94279998540878 -0.237727612257 0.23369599878788
5300 -0.68772029876709 -0.6894896030426 0.22725513577461
5300 0.68772029876709 0.6894896030426 0.22725513577461
5300 -0.68894231319427 -0.23159630596637 0.68681991100311
5300 0.68894231319427 0.23159630596637 0.68681991100311
5300 -0.68894231319427 0.23159630596637 0.68681991100311
5300 0.68894231319427 -0.23159630596637 0.68681991100311
5300 -0.68772029876709 0.6894896030426 0.22725513577461
5300 0.68772029876709 -0.6894896030426 0.22725513577461
5300 -0.2295992821455 -0.69013798236846 0.68628978729248
5300 0.2295992821455 0.69013798236846 0.68628978729248
5300 -0.2295992821455 0.69013798236846 0.68628978729248
5300 0.2295992821455 -0.69013798236846 0.68628978729248
5300 0.2295992821455 -0.69013798236846 0.68628978729248
5300 -0.2295992821455 0.69013798236846 0.68628978729248
5300 0.2295992821455 0.69013798236846 0.68628978729248
5300 -0.2295992821455 -0.69013798236846 0.68628978729248
5300 0.68772029876709 -0.6894896030426 0.22725513577461
5300 -0.68772029876709 0.6894896030426 0.22725513577461
5300 0.68894231319427 -0.23159630596637 0.68681991100311
5300 -0.68894231319427 0.23159630596637 0.68681991100311
5300 0.68894231319427 0.23159630596637 0.68681991100311
5300 -0.68894231319427 -0.23159630596637 0.68681991100311
5300 0.68772029876709 0.6894896030426 0.22725513577461
5300 -0.68772029876709 -0.6894896030426 0.22725513577461
5600 0.89368921518325 0.44868272542953 -0.00183799234218
5600 -0.89517825841903 -0.00192453945055 0.44570419192314
5600 0.89517825841903 -0.00192453945055 0.44570419192314
5600 0.89368921518325 -0.44868272542953 -0.00183799234218
5600 0.44663822650909 0.89471292495727 -0.00175533595029
5550 -0.44798392057418 -0.00184720486868 0.89403969049453
5550 0.44798392057418 -0.00184720486868 0.89403969049453
5600 0.44663822650909 -0.89471292495727 -0.00175533595029
5600 -0.00016001306357 -0.89547979831695 0.44510218501091
5600 -0.00016001306357 0.89547979831695 0.44510218501091
5600 -0.00024074627435 -0.44942557811737 0.89331775903701
5600 -0.00024074627435 0.44942557811737 0.89331775903701
5600 -0.00024074627435 0.44942557811737 0.89331775903701
5600 -0.00024074627435 -0.44942557811737 0.89331775903701
5600 -0.00016001306357 0.89547979831695 0.44510218501091
5600 -0.00016001306357 -0.89547979831695 0.44510218501091
5600 0.44663822650909 -0.89471292495727 -0.00175533595029
5550 0.44798392057418 -0.00184720486868 0.89403969049453
5550 -0.44798392057418 -0.00184720486868 0.89403969049453
5600 0.44663822650909 0.89471292495727 -0.00175533595029
5600 0.89368921518325 -0.44868272542953 -0.00183799234218
5600 0.89517825841903 -0.00192453945055 0.44570419192314
5600 -0.89517825841903 -0.00192453945055 0.44570419192314
5600 0.89368921518325 0.44868272542953 -0.00183799234218
5850 -0.87254297733306 -0.43805581331253 0.21627722680568
5850 0.87254297733306 0.43805581331253 0.21627722680568
5850 -0.87321084737777 -0.22019216418266 0.43476229906082
5850 0.87321084737777 0.22019216418266 0.43476229906082
5850 -0.87321084737777 0.22019216418266 0.43476229906082
5850 0.87321084737777 -0.22019216418266 0.43476229906082
5850 -0.87254297733306 0.43805581331253 0.21627722680568
5850 0.87254297733306 -0.43805581331253 0.21627722680568
5900 -0.43608123064041 -0.87357276678085 0.21611060202121
5900 0.43608123064041 0.87357276678085 0.21611060202121
5850 -0.43699955940246 -0.22032706439495 0.87205928564071
5850 0.43699955940246 0.22032706439495 0.87205928564071
5850 -0.43699955940246 0.22032706439495 0.87205928564071
5850 0.43699955940246 -0.22032706439495 0.87205928564071
5900 -0.43608123064041 0.87357276678085 0.21611060202121
5900 0.43608123064041 -0.87357276678085 0.21611060202121
5900 -0.21831287443637 -0.87388271093368 0.43435981869697
5900 0.21831287443637 0.87388271093368 0.43435981869697
5850 -0.21861471235752 -0.43857079744339 0.87170135974884
5850 0.21861471235752 0.43857079744339 0.87170135974884
5850 -0.21861471235752 0.43857079744339 0.87170135974884
5850 0.21861471235752 -0.43857079744339 0.87170135974884
5900 -0.21831287443637 0.87388271093368 0.43435981869697
5900 0.21831287443637 -0.87388271093368 0.43435981869697
5900 0.21831287443637 -0.87388271093368 0.43435981869697
5900 -0.21831287443637 0.87388271093368 0.43435981869697
5850 0.21861471235752 -0.43857079744339 0.87170135974884
5850 -0.21861471235752 0.43857079744339 0.87170135974884
5850 0.21861471235752 0.43857079744339 0.87170135974884
5850 -0.21861471235752 -0.43857079744339 0.87170135974884
5900 0.21831287443637 0.87388271093368 0.43435981869697
5900 -0.21831287443637 -0.87388271093368 0.43435981869697
5900 0.43608123064041 -0.87357276678085 0.21611060202121
5900 -0.43608123064041 0.87357276678085 0.21611060202121
5850 0.43699955940246 -0.22032706439495 0.87205928564071
5850 -0.43699955940246 0.22032706439495 0.87205928564071
5850 0.43699955940246 0.22032706439495 0.87205928564071
5850 -0.43699955940246 -0.22032706439495 0.87205928564071
5900 0.43608123064041 0.87357276678085 0.21611060202121
5900 -0.43608123064041 -0.87357276678085 0.21611060202121
5850 0.87254297733306 -0.43805581331253 0.21627722680568
5850 -0.87254297733306 0.43805581331253 0.21627722680568
5850 0.87321084737777 -0.22019216418266 0.43476229906082
5850 -0.87321084737777 0.22019216418266 0.43476229906082
5850 0.87321084737777 0.22019216418266 0.43476229906082
5850 -0.87321084737777 -0.22019216418266 0.43476229906082
5850 0.87254297733306 0.43805581331253 0.21627722680568
5850 -0.87254297733306 -0.43805581331253 0.21627722680568
6150 -0.63943791389465 -0.64106750488281 0.42444270849227
6150 0.63943791389465 0.64106750488281 0.42444270849227
6150 -0.63991725444793 -0.4283130466938 0.63800770044326
6150 0.63991725444793 0.4283130466938 0.63800770044326
6150 -0.63991725444793 0.4283130466938 0.63800770044326
6150 0.63991725444793 -0.4283130466938 0.63800770044326
6150 -0.63943791389465 0.64106750488281 0.42444270849227
6150 0.63943791389465 -0.64106750488281 0.42444270849227
6150 -0.42656084895134 -0.64131623506546 0.63777685165405
6150 0.42656084895134 0.64131623506546 0.63777685165405
6150 -0.42656084895134 0.64131623506546 0.63777685165405
6150 0.42656084895134 -0.64131623506546 0.63777685165405
6150 0.42656084895134 -0.64131623506546 0.63777685165405
6150 -0.42656084895134 0.64131623506546 0.63777685165405
6150 0.42656084895134 0.64131623506546 0.63777685165405
6150 -0.42656084895134 -0.64131623506546 0.63777685165405
6150 0.63943791389465 -0.64106750488281 0.42444270849227
6150 -0.63943791389465 0.64106750488281 0.42444270849227
6150 0.63991725444793 -0.4283130466938 0.63800770044326
6150 -0.63991725444793 0.4283130466938 0.63800770044326
6150 0.63991725444793 0.4283130466938 0.63800770044326
6150 -0.63991725444793 -0.4283130466938 0.63800770044326
6150 0.63943791389465 0.64106750488281 0.42444270849227
6150 -0.63943791389465 -0.64106750488281 0.42444270849227
6700 -0.8165146112442 -0.40993195772171 0.40652146935463
6700 0.8165146112442 0.40993195772171 0.40652146935463
6700 -0.8165146112442 0.40993195772171 0.40652146935463
6700 0.8165146112442 -0.40993195772171 0.40652146935463
6700 -0.40809532999992 -0.81752848625183 0.40633162856102
6700 0.40809532999992 0.81752848625183 0.40633162856102
6700 -0.40860313177108 -0.41024941205978 0.81531518697738
6700 0.40860313177108 0.41024941205978 0.81531518697738
6700 -0.40860313177108 0.41024941205978 0.81531518697738
6700 0.40860313177108 -0.41024941205978 0.81531518697738
6700 -0.40809532999992 0.81752848625183 0.40633162856102
6700 0.40809532999992 -0.81752848625183 0.40633162856102
6700 0.40809532999992 -0.81752848625183 0.40633162856102
6700 -0.40809532999992 0.81752848625183 0.40633162856102
6700 0.40860313177108 -0.41024941205978 0.81531518697738
6700 -0.40860313177108 0.41024941205978 0.81531518697738
6700 0.40860313177108 0.41024941205978 0.81531518697738
6700 -0.40860313177108 -0.41024941205978 0.81531518697738
6700 0.40809532999992 0.81752848625183 0.40633162856102
6700 -0.40809532999992 -0.81752848625183 0.40633162856102
6700 0.8165146112442 -0.40993195772171 0.40652146935463
6700 -0.8165146112442 0.40993195772171 0.40652146935463
6700 0.8165146112442 0.40993195772171 0.40652146935463
6700 -0.8165146112442 -0.40993195772171 0.40652146935463
7000 0.99999701976776 -0.00186165003106 -0.00157524005044
7000 0.79923337697982 0.60101860761642 -0.00162919005379
6950 -0.80082100629806 -0.00175046001095 0.59890121221542
6950 0.80082100629806 -0.00175046001095 0.59890121221542
7000 0.79923337697982 -0.60101860761642 -0.00162919005379
7000 0.59930890798568 0.80051618814468 -0.00162813987117
6950 -0.60083979368209 -0.0017229601508 0.79936760663986
6950 0.60083979368209 -0.0017229601508 0.79936760663986
7000 0.59930890798568 -0.80051618814468 -0.00162813987117
7000 -0.00028551000286 -0.99999874830246 -0.00157029996626
7000 -0.00020029996812 -0.80137538909912 0.59816169738769
7000 -0.00020029996812 0.80137538909912 0.59816169738769
7000 -0.00020070999744 -0.60181033611297 0.79863905906677
7000 -0.00020070999744 0.60181033611297 0.79863905906677
6950 -0.00014369998825 -0.00172437983565 0.99999850988388
6950 -0.00014369998825 -0.00172437983565 0.99999850988388
7000 -0.00020070999744 0.60181033611297 0.79863905906677
7000 -0.00020070999744 -0.60181033611297 0.79863905906677
7000 -0.00020029996812 0.80137538909912 0.59816169738769
7000 -0.00020029996812 -0.80137538909912 0.59816169738769
7000 -0.00028551000286 -0.99999874830246 -0.00157029996626
7000 0.59930890798568 -0.80051618814468 -0.00162813987117
6950 0.60083979368209 -0.0017229601508 0.79936760663986
6950 -0.60083979368209 -0.0017229601508 0.79936760663986
7000 0.59930890798568 0.80051618814468 -0.00162813987117
7000 0.79923337697982 -0.60101860761642 -0.00162919005379
6950 0.80082100629806 -0.00175046001095 0.59890121221542
6950 -0.80082100629806 -0.00175046001095 0.59890121221542
7000 0.79923337697982 0.60101860761642 -0.00162919005379
7000 0.99999701976776 -0.00186165003106 -0.00157524005044
